23808
34296
3411
26568
9084
4146
12696
17835
5342
43537
14814
30021
25106
25693
60647
16717
59860
50677
20600
15361
64274
29778
60017
47722
21742
35466
36544
21166
59153
22772
47698
48505
63226
5252
64866
49694
37618
17508
15280
33930
11953
8822
65269
33281
2485
20674
57966
18512
35087
9771
21655
57465
1853
55523
55804
35977
8667
10439
24542
50749
12224
6045
31600
62401
3985
13641
4313
32601
49328
2667
26714
32889
25391
381
15922
61121
4409
40075
40681
3116
6556
55675
7365
55616
8625
61408
1892
42683
39333
26157
11032
17029
19082
12585
19983
33589
65219
50059
11433
44368
54451
50533
22508
4376
32303
32649
49138
28153
58985
50794
17411
58218
43255
34518
45450
9442
47339
46355
46617
4423
11020
47348
28127
58502
31896
65415
6915
52700
60553
55620
55898
32053
43613
31345
45561
4047
10156
55057
28142
59061
49793
13376
27031
17046
6966
62136
39018
50762
41529
6580
2685
9807
32304
6753
26374
40439
43668
47963
48296
13558
48978
62734
56331
18396
60560
9153
45050
7726
26490
30423
40581
65302
28556
5740
37785
11499
44031
34199
32358
23940
28759
16373
37645
46251
23244
10619
51341
25670
10367
55254
49990
63004
53117
282
36229
56056
18118
62637
17660
17745
36357
13586
52489
4058
49854
23584
58626
40427
29832
62298
61326
18811
7940
59288
44684
15314
13163
36540
5735
2206
32403
44928
46720
16740
57299
47904
37437
36704
11052
3781
25157
60993
523
936
16131
215
19403
14515
36792
27657
30349
33735
39812
53952
37793
35711
20271
49336
54697
8385
12871
14564
41751
530
21433
2181
56065
64849
20583
43085
44476
10210
55553
45911
29521
42334
5762
36482
47426
47601
33144
9285
44105
31735
42762
57162
29385
45118
39619
48050
48999
18943
37996
10683
10553
49984
18820
1779
54801
26696
47349
31651
62553
41271
22762
35484
62050
58373
20837
30832
29160
61293
52673
24275
40307
10437
35466
44854
51947
58286
59356
40791
39176
12147
45414
27018
58603
47761
61447
33544
55269
60928
56492
58157
48101
36712
3061
51499
27976
51122
13730
6357
58131
8919
21695
3257
63800
2629
64930
8845
5092
60799
38905
30816
21673
6230
3298
23669
33725
29744
32365
18464
58801
48578
52775
30431
29277
13204
20217
32664
4421
20206
43664
58634
1025
41288
10035
15988
46386
41011
28590
2051
920
45256
20147
9872
29279
38606
31094
57706
39602
700
15687
22975
54390
4375
20705
4126
26101
25969
1884
44874
4492
10215
65333
22286
36404
38296
10076
58262
12646
22371
36174
62649
46991
16028
1510
44687
59756
61853
1386
40985
43298
4633
13822
57266
24442
22972
54597
5626
35118
28243
5560
55523
21246
60066
40332
49158
27340
29616
26342
878
57656
6199
21237
9474
45964
39323
32472
9425
13949
20184
5247
32764
37003
52041
57146
52015
961
20629
16817
4726
19442
54599
25994
25505
31969
21553
10962
33730
54496
29914
49613
61093
63854
62992
11377
58914
13607
43649
36966
45427
3810
8087
9917
51289
371
2355
17992
46331
8331
26012
2179
4295
2481
39968
6620
23997
61084
733
38092
15676
45273
42259
13902
59873
41760
32701
41331
2319
23659
58813
53807
11557
14534
19622
52284
26944
23869
24192
13708
29831
56524
4307
2853
17561
35957
28044
22249
5585
6770
13152
35861
19483
39116
353
31179
53610
13242
12529
3871
56887
43371
8703
9402
55044
2158
42040
17900
60815
36100
27749
55269
61462
20900
33848
51730
31307
9471
15396
10448
3383
50486
65300
60262
19255
7633
10016
19130
13765
59889
33971
61069
14912
20190
8141
38563
41855
624
2200
21346
38392
19833
2681
22807
42463
31197
16056
25063
53304
55269
53884
1845
50028
43789
39716
35809
61465
48740
5205
65420
29025
44992
10448
10332
969
55737
16913
9924
42043
8941
57309
44447
7419
28597
49031
826
28203
26209
29
54628
14580
8099
54332
30194
55925
2340
6333
1627
54140
4534
30980
53910
14125
24929
53837
62773
51757
44490
63409
58208
2289
18891
17562
44764
41968
36634
2909
22814
63099
14263
40452
9343
18067
50109
45097
17085
5177
35945
9796
57763
41682
43023
6524
27392
6723
6469
13018
52059
58694
55121
22042
58955
14675
19439
30610
42836
18691
48170
418
44473
30121
23676
14796
45161
48868
17622
831
57300
43245
9543
20869
44497
15043
8227
49582
8872
36485
275
36674
55598
40491
45466
25817
44566
34798
10616
4710
24332
58938
40035
46500
47247
6408
38106
22410
27799
30905
24009
60606
23460
30318
16479
19174
35980
10930
61806
18812
35090
57922
10139
30433
36028
57592
58007
39462
21559
65035
59640
31564
17569
31091
32534
63278
42782
43659
15114
22010
23760
551
6597
54077
30072
34984
58434
43417
42582
8509
27533
10764
41807
45269
56278
7183
43080
63372
11128
2171
8247
49295
38831
6590
51469
46443
59203
57431
11076
61407
20675
51056
57397
36807
65381
6846
20255
31477
13358
45261
3286
49597
27290
9244
26856
20042
3294
52634
25554
52555
36427
48422
63446
36323
61124
52271
26741
15293
2674
46165
1711
17046
53695
11215
18761
46329
53452
19389
15255
12929
55233
38369
35360
25295
16514
30543
64969
44031
12008
4403
7077
15329
18575
53208
11322
54477
7551
7862
57328
65507
50318
36687
37699
57666
52013
35698
17151
25895
24766
11076
10935
29098
51131
51095
56578
13772
21349
10883
10534
13891
9532
57057
3037
57606
8915
41784
9239
58460
14467
49866
4180
21306
32959
26415
51330
31129
47149
29480
33473
48644
64699
17406
12763
50276
65458
46658
57932
22357
61673
58660
35181
11005
45362
32115
39156
64827
38221
54902
25305
46275
52745
51178
3581
6660
38724
56693
15867
27547
41806
53535
18299
6866
60437
24646
45450
17819
38096
40189
11033
18638
54939
55673
1320
59724
58924
32755
42315
56209
16756
26590
27853
51517
7961
5464
56729
43369
41035
25094
43698
17838
36098
13016
9638
61600
33809
30010
38946
48530
45450
52187
32796
21219
61251
16379
63725
47655
8845
25623
29621
16999
16542
34918
2128
43759
32196
42180
24051
52857
15311
9986
24969
63940
38685
58395
41039
62351
20729
32462
16773
39240
63068
62231
53736
20745
50497
58276
41542
37377
3510
20916
38653
27951
51093
41029
23536
31947
20576
65026
57016
32303
52843
26004
19114
19321
30026
28388
3877
1300
54335
52447
29630
15066